2.440074465163121431e+00
2.476075563829462478e+00
2.476075563829462478e+00
2.438074404126102657e+00
2.380072634052552871e+00
2.342071474349193050e+00
2.360072023682363351e+00
2.414073671681875144e+00
2.464075197607348944e+00
2.482075746940519689e+00
2.460075075533310951e+00
2.406073427533799602e+00
2.352071779534287366e+00
2.346071596423230599e+00
2.390072939237647631e+00
2.446074648274178642e+00
2.478075624866481697e+00
2.472075441755424485e+00
2.432074221015045445e+00
2.372072389904476886e+00
2.342071474349193050e+00
2.366072206793420118e+00
2.422073915829951130e+00
2.468075319681386937e+00
2.480075685903500471e+00
2.454074892422254184e+00
2.396073122348704398e+00
2.348071657460249373e+00
2.348071657460249373e+00
2.396073122348704398e+00
2.452074831385234965e+00
2.480075685903500471e+00
2.470075380718405711e+00
2.424073976866969904e+00
2.424073976866969904e+00
2.364072145756401344e+00
2.340071413312173831e+00
2.430074159978026671e+00
2.472075441755424485e+00
2.472075441755424485e+00
2.478075624866481697e+00
2.446074648274178642e+00
2.388072878200628413e+00
2.344071535386211380e+00
2.352071779534287366e+00
2.404073366496780384e+00
2.456074953459272958e+00
2.480075685903500471e+00
2.464075197607348944e+00
2.414073671681875144e+00
2.358071962645344577e+00
2.342071474349193050e+00
2.378072573015534097e+00
2.436074343089083438e+00
2.474075502792443704e+00
2.476075563829462478e+00
2.440074465163121431e+00
2.380072634052552871e+00
2.340071413312173831e+00
2.356071901608325359e+00
2.410073549607837151e+00
2.462075136570330169e+00
2.480075685903500471e+00
2.458075014496292177e+00
2.406073427533799602e+00
2.352071779534287366e+00
2.342071474349193050e+00
2.384072756126590864e+00
2.442074526200140649e+00
2.476075563829462478e+00
2.472075441755424485e+00
2.432074221015045445e+00
2.432074221015045445e+00
2.370072328867458111e+00
2.338071352275155057e+00
2.362072084719382570e+00
2.418073793755913137e+00
2.464075197607348944e+00
2.478075624866481697e+00
2.452074831385234965e+00
2.396073122348704398e+00
2.344071535386211380e+00
2.344071535386211380e+00
2.390072939237647631e+00
2.446074648274178642e+00
2.476075563829462478e+00
2.466075258644368162e+00
2.422073915829951130e+00
2.362072084719382570e+00
2.336071291238135839e+00
2.364072145756401344e+00
2.422073915829951130e+00
2.466075258644368162e+00
2.474075502792443704e+00
2.444074587237159424e+00
2.384072756126590864e+00
2.338071352275155057e+00
2.344071535386211380e+00
2.394073061311685624e+00
2.448074709311197417e+00
2.474075502792443704e+00
2.458075014496292177e+00
2.410073549607837151e+00
2.352071779534287366e+00
2.332071169164097846e+00
2.368072267830438893e+00
2.426074037903989122e+00
2.464075197607348944e+00
2.466075258644368162e+00
2.432074221015045445e+00
2.432074221015045445e+00
2.372072389904476886e+00
2.330071108127079071e+00
2.344071535386211380e+00
2.398073183385723617e+00
2.448074709311197417e+00
2.468075319681386937e+00
2.448074709311197417e+00
2.396073122348704398e+00
2.340071413312173831e+00
2.328071047090059853e+00
2.368072267830438893e+00
2.426074037903989122e+00
2.460075075533310951e+00
2.458075014496292177e+00
2.418073793755913137e+00
2.356071901608325359e+00
2.320070802941984311e+00
2.342071474349193050e+00
2.396073122348704398e+00
2.446074648274178642e+00
2.460075075533310951e+00
2.434074282052064664e+00
2.378072573015534097e+00
2.324070925016021860e+00
2.320070802941984311e+00
2.366072206793420118e+00
2.422073915829951130e+00
2.452074831385234965e+00
2.444074587237159424e+00
2.398073183385723617e+00
2.338071352275155057e+00
2.338071352275155057e+00
2.308070436719870333e+00
2.334071230201117064e+00
2.392073000274666406e+00
2.436074343089083438e+00
2.444074587237159424e+00
2.414073671681875144e+00
2.354071840571306584e+00
2.306070375682851559e+00
2.308070436719870333e+00
2.358071962645344577e+00
2.412073610644855925e+00
2.438074404126102657e+00
2.424073976866969904e+00
2.374072450941496104e+00
2.312070558793908326e+00
2.290069887386700032e+00
2.322070863979003530e+00
2.380072634052552871e+00
2.422073915829951130e+00
2.424073976866969904e+00
2.390072939237647631e+00
2.328071047090059853e+00
2.282069643238624046e+00
2.292069948423719250e+00
2.344071535386211380e+00
2.398073183385723617e+00
2.418073793755913137e+00
2.398073183385723617e+00
2.344071535386211380e+00
2.284069704275643264e+00
2.268069215979491737e+00
2.308070436719870333e+00
2.366072206793420118e+00
2.404073366496780384e+00
2.402073305459761610e+00
2.402073305459761610e+00
2.362072084719382570e+00
2.298070131534776017e+00
2.258068910794396977e+00
2.274069399090548504e+00
2.330071108127079071e+00
2.382072695089572090e+00
2.398073183385723617e+00
2.374072450941496104e+00
2.316070680867946319e+00
2.258068910794396977e+00
2.250068666646320992e+00
2.294070009460738024e+00
2.354071840571306584e+00
2.386072817163609638e+00
2.380072634052552871e+00
2.334071230201117064e+00
2.270069277016510512e+00
2.236068239387188683e+00
2.260068971831416196e+00
2.316070680867946319e+00
2.364072145756401344e+00
2.372072389904476886e+00
2.342071474349193050e+00
2.280069582201605716e+00
2.226067934202093479e+00
2.222067812128055486e+00
2.268069215979491737e+00
2.320070802941984311e+00
2.346071596423230599e+00
2.330071108127079071e+00
2.276069460127567723e+00
2.210067445905941952e+00
2.210067445905941952e+00
2.176066408276620123e+00
2.200067140720847192e+00
2.252068727683340210e+00
2.288069826349681257e+00
2.288069826349681257e+00
2.248068605609302217e+00
2.180066530350657672e+00
2.126064882351145879e+00
2.122064760277107887e+00
2.162065981017486926e+00
2.210067445905941952e+00
2.226067934202093479e+00
2.204067262794885185e+00
2.146065492721335399e+00
2.078063417462690854e+00
2.048062501907407018e+00
2.072063234351634531e+00
2.120064699240089112e+00
2.156065797906430603e+00
2.154065736869411385e+00
2.112064455092013571e+00
2.042062318796350251e+00
1.990060731833857233e+00
1.988060670796838236e+00
2.032062013611255047e+00
2.078063417462690854e+00
2.096063966795861599e+00
2.074063295388652861e+00
2.014061464278084745e+00
1.952059572130497189e+00
1.926058778649250680e+00
1.954059633167515964e+00
2.010061342204047197e+00
2.010061342204047197e+00
2.050062562944425792e+00
2.054062685018463341e+00
2.020061647389141513e+00
1.964059938352610724e+00
1.928058839686269677e+00
1.944059327982421204e+00
2.004061159092989985e+00
2.068063112277596538e+00
2.102064149906918367e+00
2.092063844721824051e+00
2.050062562944425792e+00
2.006061220130009204e+00
2.008061281167027978e+00
2.060062868129520552e+00
2.132065065462203091e+00
2.184066652424695665e+00
2.194066957609790425e+00
2.164066042054506145e+00
2.116064577166051119e+00
2.098064027832880374e+00
2.138065248573259414e+00
2.216067629016999163e+00
2.286069765312662039e+00
2.318070741904965537e+00
2.308070436719870333e+00
2.266069154942472519e+00
2.234068178350169465e+00
2.258068910794396977e+00
2.328071047090059853e+00
2.400073244422742391e+00
2.438074404126102657e+00
2.432074221015045445e+00
2.390072939237647631e+00
2.390072939237647631e+00
2.338071352275155057e+00
2.324070925016021860e+00
2.364072145756401344e+00
2.426074037903989122e+00
2.466075258644368162e+00
2.470075380718405711e+00
2.436074343089083438e+00
2.378072573015534097e+00
2.338071352275155057e+00
2.354071840571306584e+00
2.408073488570817933e+00
2.460075075533310951e+00
2.480075685903500471e+00
2.462075136570330169e+00
2.410073549607837151e+00
2.356071901608325359e+00
2.346071596423230599e+00
2.388072878200628413e+00
2.446074648274178642e+00
2.480075685903500471e+00
2.478075624866481697e+00
2.438074404126102657e+00
2.380072634052552871e+00
2.346071596423230599e+00
2.368072267830438893e+00
2.424073976866969904e+00
2.472075441755424485e+00
2.486075869014557682e+00
2.462075136570330169e+00
2.406073427533799602e+00
2.356071901608325359e+00
2.354071840571306584e+00
2.400073244422742391e+00
2.400073244422742391e+00
2.456074953459272958e+00
2.486075869014557682e+00
2.478075624866481697e+00
2.434074282052064664e+00
2.376072511978514878e+00
2.350071718497268591e+00
2.378072573015534097e+00
2.434074282052064664e+00
2.478075624866481697e+00
2.486075869014557682e+00
2.458075014496292177e+00
2.400073244422742391e+00
2.354071840571306584e+00
2.360072023682363351e+00
2.410073549607837151e+00
2.462075136570330169e+00
2.488075930051576456e+00
2.474075502792443704e+00
2.428074098941007453e+00
2.370072328867458111e+00
2.350071718497268591e+00
2.386072817163609638e+00
2.442074526200140649e+00
2.482075746940519689e+00
2.484075807977538464e+00
2.452074831385234965e+00
2.392073000274666406e+00
2.352071779534287366e+00
2.364072145756401344e+00
2.418073793755913137e+00
2.468075319681386937e+00
2.488075930051576456e+00
2.470075380718405711e+00
2.470075380718405711e+00
2.418073793755913137e+00
2.364072145756401344e+00
2.352071779534287366e+00
2.392073000274666406e+00
2.448074709311197417e+00
2.484075807977538464e+00
2.482075746940519689e+00
2.444074587237159424e+00
2.384072756126590864e+00
2.348071657460249373e+00
2.368072267830438893e+00
2.424073976866969904e+00
2.472075441755424485e+00
2.486075869014557682e+00
2.464075197607348944e+00
2.408073488570817933e+00
2.356071901608325359e+00
2.352071779534287366e+00
2.396073122348704398e+00
2.452074831385234965e+00
2.482075746940519689e+00
2.344071535386211380e+00
2.370072328867458111e+00
2.426074037903989122e+00
2.472075441755424485e+00
2.480075685903500471e+00
2.452074831385234965e+00
2.394073061311685624e+00
2.346071596423230599e+00
2.350071718497268591e+00
2.398073183385723617e+00
2.452074831385234965e+00
2.478075624866481697e+00
2.466075258644368162e+00
2.418073793755913137e+00
2.358071962645344577e+00
2.336071291238135839e+00
2.368072267830438893e+00
2.426074037903989122e+00
2.426074037903989122e+00
2.466075258644368162e+00
2.470075380718405711e+00
2.436074343089083438e+00
2.376072511978514878e+00
2.330071108127079071e+00
2.338071352275155057e+00
2.388072878200628413e+00
2.436074343089083438e+00
2.454074892422254184e+00
2.432074221015045445e+00
2.372072389904476886e+00
2.304070314645832784e+00
2.276069460127567723e+00
2.302070253608814010e+00
2.348071657460249373e+00
2.372072389904476886e+00
2.356071901608325359e+00
2.300070192571795236e+00
2.216067629016999163e+00
2.156065797906430603e+00
2.148065553758354618e+00
2.184066652424695665e+00
2.224067873165074705e+00
2.232068117313150690e+00
2.200067140720847192e+00
2.134065126499221865e+00
2.064062990203558545e+00
2.034062074648274265e+00
2.054062685018463341e+00
2.100064088869899592e+00
2.128064943388165098e+00
2.118064638203069894e+00
2.070063173314615312e+00
2.070063173314615312e+00
1.998060975981932996e+00
1.948059450056459196e+00
1.948059450056459196e+00
1.986060609759819240e+00
2.032062013611255047e+00
2.046062440870388244e+00
2.024061769463179505e+00
1.968060060426648716e+00
1.914058412427137146e+00
1.902058046205023389e+00
1.940059205908383433e+00
2.004061159092989985e+00
2.050062562944425792e+00
2.054062685018463341e+00
2.022061708426160731e+00
1.972060182500686709e+00
1.948059450056459196e+00
1.978060365611743476e+00
2.046062440870388244e+00
2.106064271980956359e+00
2.130065004425183872e+00
2.114064516129032345e+00
2.068063112277596538e+00
2.032062013611255047e+00
2.044062379833369025e+00
2.104064210943937585e+00
2.174066347239600905e+00
2.214067567979979945e+00
2.214067567979979945e+00
2.176066408276620123e+00
2.128064943388165098e+00
2.116064577166051119e+00
2.162065981017486926e+00
2.230068056276131472e+00
2.230068056276131472e+00
2.282069643238624046e+00
2.294070009460738024e+00
2.268069215979491737e+00
2.214067567979979945e+00
2.182066591387676446e+00
2.202067201757865966e+00
2.264069093905453744e+00
2.324070925016021860e+00
2.350071718497268591e+00
2.336071291238135839e+00
2.288069826349681257e+00
2.238068300424207457e+00
2.232068117313150690e+00
2.280069582201605716e+00
2.342071474349193050e+00
2.382072695089572090e+00
2.382072695089572090e+00
2.344071535386211380e+00
2.286069765312662039e+00
2.256068849757378203e+00
2.280069582201605716e+00
2.342071474349193050e+00
2.392073000274666406e+00
2.408073488570817933e+00
2.384072756126590864e+00
2.328071047090059853e+00
2.276069460127567723e+00
2.276069460127567723e+00
2.326070986053041079e+00
2.386072817163609638e+00
2.416073732718893918e+00
2.408073488570817933e+00
2.364072145756401344e+00
2.364072145756401344e+00
2.302070253608814010e+00
2.276069460127567723e+00
2.308070436719870333e+00
2.368072267830438893e+00
2.414073671681875144e+00
2.422073915829951130e+00
2.392073000274666406e+00
2.332071169164097846e+00
2.284069704275643264e+00
2.292069948423719250e+00
2.346071596423230599e+00
2.402073305459761610e+00
2.428074098941007453e+00
2.414073671681875144e+00
2.364072145756401344e+00
2.304070314645832784e+00
2.284069704275643264e+00
2.322070863979003530e+00
2.382072695089572090e+00
2.424073976866969904e+00
2.426074037903989122e+00
2.390072939237647631e+00
2.328071047090059853e+00
2.288069826349681257e+00
2.302070253608814010e+00
2.356071901608325359e+00
2.408073488570817933e+00
2.428074098941007453e+00
2.408073488570817933e+00
2.352071779534287366e+00
2.296070070497757243e+00
2.282069643238624046e+00
2.324070925016021860e+00
2.324070925016021860e+00
2.380072634052552871e+00
2.414073671681875144e+00
2.410073549607837151e+00
2.368072267830438893e+00
2.304070314645832784e+00
2.266069154942472519e+00
2.284069704275643264e+00
2.338071352275155057e+00
2.384072756126590864e+00
2.396073122348704398e+00
2.368072267830438893e+00
2.308070436719870333e+00
2.250068666646320992e+00
2.242068422498245006e+00
2.284069704275643264e+00
2.336071291238135839e+00
2.364072145756401344e+00
2.350071718497268591e+00
2.300070192571795236e+00
2.232068117313150690e+00
2.196067018646809643e+00
2.214067567979979945e+00
2.264069093905453744e+00
2.302070253608814010e+00
2.306070375682851559e+00
2.270069277016510512e+00
2.202067201757865966e+00
2.144065431684316625e+00
2.134065126499221865e+00
2.172066286202582130e+00
2.218067690054017937e+00
2.238068300424207457e+00
2.218067690054017937e+00
2.218067690054017937e+00
2.164066042054506145e+00
2.094063905758842381e+00
2.060062868129520552e+00
2.076063356425672080e+00
2.124064821314127105e+00
2.160065919980468152e+00
2.160065919980468152e+00
2.120064699240089112e+00
2.052062623981445011e+00
1.996060914944914000e+00
1.988060670796838236e+00
2.028061891537217498e+00
2.078063417462690854e+00
2.104064210943937585e+00
2.090063783684804832e+00
2.040062257759331033e+00
1.980060426648762473e+00
1.958059755241553956e+00
1.992060792870876229e+00
2.056062746055482560e+00
2.110064394054994352e+00
2.126064882351145879e+00
2.104064210943937585e+00
2.054062685018463341e+00
2.024061769463179505e+00
2.046062440870388244e+00
2.112064455092013571e+00
2.182066591387676446e+00
2.218067690054017937e+00
2.212067506942961170e+00
2.168066164128544138e+00
2.126064882351145879e+00
2.130065004425183872e+00
2.130065004425183872e+00
2.188066774498733658e+00
2.272069338053529730e+00
2.336071291238135839e+00
2.356071901608325359e+00
2.334071230201117064e+00
2.292069948423719250e+00
2.278069521164586497e+00
2.318070741904965537e+00
2.390072939237647631e+00
2.446074648274178642e+00
2.464075197607348944e+00
2.442074526200140649e+00
2.388072878200628413e+00
2.342071474349193050e+00
2.346071596423230599e+00
2.396073122348704398e+00
2.452074831385234965e+00
2.480075685903500471e+00
2.468075319681386937e+00
2.422073915829951130e+00
2.366072206793420118e+00
2.344071535386211380e+00
2.376072511978514878e+00
2.434074282052064664e+00
2.476075563829462478e+00
2.482075746940519689e+00
2.452074831385234965e+00
2.392073000274666406e+00
2.350071718497268591e+00
2.360072023682363351e+00
2.412073610644855925e+00
2.464075197607348944e+00
2.488075930051576456e+00
2.488075930051576456e+00
2.472075441755424485e+00
2.422073915829951130e+00
2.366072206793420118e+00
2.350071718497268591e+00
2.388072878200628413e+00
2.446074648274178642e+00
2.484075807977538464e+00
2.484075807977538464e+00
2.446074648274178642e+00
2.388072878200628413e+00
2.350071718497268591e+00
2.368072267830438893e+00
2.422073915829951130e+00
2.470075380718405711e+00
2.488075930051576456e+00
2.466075258644368162e+00
2.414073671681875144e+00
2.360072023682363351e+00
2.354071840571306584e+00
2.396073122348704398e+00
2.452074831385234965e+00
2.486075869014557682e+00
2.480075685903500471e+00
2.440074465163121431e+00
2.380072634052552871e+00
2.350071718497268591e+00
2.374072450941496104e+00
2.430074159978026671e+00
2.476075563829462478e+00
2.486075869014557682e+00
2.462075136570330169e+00
2.406073427533799602e+00
2.356071901608325359e+00
2.356071901608325359e+00
2.356071901608325359e+00
2.404073366496780384e+00
2.458075014496292177e+00
2.486075869014557682e+00
2.476075563829462478e+00
2.432074221015045445e+00
2.372072389904476886e+00
2.348071657460249373e+00
2.378072573015534097e+00
2.434074282052064664e+00
2.476075563829462478e+00
2.484075807977538464e+00
2.452074831385234965e+00
2.394073061311685624e+00
2.350071718497268591e+00
2.356071901608325359e+00
2.406073427533799602e+00
2.460075075533310951e+00
2.482075746940519689e+00
2.468075319681386937e+00
2.418073793755913137e+00
2.360072023682363351e+00
2.342071474349193050e+00
2.378072573015534097e+00
2.436074343089083438e+00
2.474075502792443704e+00
2.474075502792443704e+00
2.438074404126102657e+00
2.378072573015534097e+00
2.338071352275155057e+00
2.352071779534287366e+00
2.406073427533799602e+00
2.456074953459272958e+00
2.474075502792443704e+00
2.474075502792443704e+00
2.454074892422254184e+00
2.400073244422742391e+00
2.342071474349193050e+00
2.328071047090059853e+00
2.366072206793420118e+00
2.420073854792931911e+00
2.450074770348216191e+00
2.438074404126102657e+00
2.388072878200628413e+00
2.312070558793908326e+00
2.258068910794396977e+00
2.256068849757378203e+00
2.290069887386700032e+00
2.316070680867946319e+00
2.310070497756889552e+00
2.264069093905453744e+00
2.186066713461714439e+00
2.110064394054994352e+00
2.080063478499710072e+00
2.102064149906918367e+00
2.146065492721335399e+00
2.170066225165562912e+00
2.152065675832392611e+00
2.094063905758842381e+00
2.018061586352122738e+00
1.968060060426648716e+00
1.970060121463667713e+00
2.014061464278084745e+00
2.058062807092501334e+00
2.074063295388652861e+00
2.050062562944425792e+00
1.998060975981932996e+00
1.954059633167515964e+00
1.954059633167515964e+00
1.954059633167515964e+00
2.006061220130009204e+00
2.076063356425672080e+00
2.120064699240089112e+00
2.126064882351145879e+00
2.094063905758842381e+00
2.048062501907407018e+00
2.034062074648274265e+00
2.078063417462690854e+00
2.150065614795373392e+00
2.210067445905941952e+00
2.232068117313150690e+00
2.212067506942961170e+00
2.166066103091524919e+00
2.134065126499221865e+00
2.154065736869411385e+00
2.220067751091036712e+00
2.284069704275643264e+00
2.318070741904965537e+00
2.310070497756889552e+00
2.266069154942472519e+00
2.216067629016999163e+00
2.210067445905941952e+00
2.258068910794396977e+00
2.322070863979003530e+00
2.366072206793420118e+00
2.370072328867458111e+00
2.334071230201117064e+00
2.276069460127567723e+00
2.242068422498245006e+00
2.264069093905453744e+00
2.324070925016021860e+00
2.378072573015534097e+00
2.378072573015534097e+00
2.396073122348704398e+00
2.374072450941496104e+00
2.318070741904965537e+00
2.264069093905453744e+00
2.260068971831416196e+00
2.308070436719870333e+00
2.368072267830438893e+00
2.402073305459761610e+00
2.396073122348704398e+00
2.352071779534287366e+00
2.290069887386700032e+00
2.260068971831416196e+00
2.288069826349681257e+00
2.348071657460249373e+00
2.396073122348704398e+00
2.408073488570817933e+00
2.380072634052552871e+00
2.320070802941984311e+00
2.270069277016510512e+00
2.272069338053529730e+00
2.324070925016021860e+00
2.384072756126590864e+00
2.412073610644855925e+00
2.402073305459761610e+00
2.354071840571306584e+00
2.292069948423719250e+00
2.272069338053529730e+00
2.308070436719870333e+00
2.368072267830438893e+00
2.412073610644855925e+00
2.418073793755913137e+00
2.384072756126590864e+00
2.322070863979003530e+00
2.322070863979003530e+00
2.278069521164586497e+00
2.288069826349681257e+00
2.342071474349193050e+00
2.396073122348704398e+00
2.416073732718893918e+00
2.398073183385723617e+00
2.344071535386211380e+00
2.282069643238624046e+00
2.266069154942472519e+00
2.302070253608814010e+00
2.358071962645344577e+00
2.394073061311685624e+00
2.390072939237647631e+00
2.348071657460249373e+00
2.280069582201605716e+00
2.238068300424207457e+00
2.250068666646320992e+00
2.300070192571795236e+00
2.344071535386211380e+00
2.356071901608325359e+00
2.328071047090059853e+00
2.264069093905453744e+00
2.202067201757865966e+00
2.184066652424695665e+00
2.216067629016999163e+00
2.264069093905453744e+00
2.290069887386700032e+00
2.276069460127567723e+00
2.226067934202093479e+00
2.154065736869411385e+00
2.110064394054994352e+00
2.118064638203069894e+00
2.162065981017486926e+00
2.162065981017486926e+00
2.202067201757865966e+00
2.208067384868923178e+00
2.176066408276620123e+00
2.114064516129032345e+00
2.054062685018463341e+00
2.040062257759331033e+00
2.078063417462690854e+00
2.136065187536240639e+00
2.170066225165562912e+00
2.170066225165562912e+00
2.132065065462203091e+00
2.078063417462690854e+00
2.056062746055482560e+00
2.090063783684804832e+00
2.162065981017486926e+00
2.228067995239112697e+00
2.260068971831416196e+00
2.248068605609302217e+00
2.204067262794885185e+00
2.172066286202582130e+00
2.192066896572771650e+00
2.266069154942472519e+00
2.348071657460249373e+00
2.400073244422742391e+00
2.406073427533799602e+00
2.372072389904476886e+00
2.328071047090059853e+00
2.320070802941984311e+00
2.366072206793420118e+00
2.428074098941007453e+00
2.470075380718405711e+00
2.474075502792443704e+00
2.438074404126102657e+00
2.380072634052552871e+00
2.380072634052552871e+00
2.342071474349193050e+00
2.358071962645344577e+00
2.412073610644855925e+00
2.462075136570330169e+00
2.480075685903500471e+00
2.460075075533310951e+00
2.408073488570817933e+00
2.354071840571306584e+00
2.346071596423230599e+00
2.390072939237647631e+00
2.446074648274178642e+00
2.480075685903500471e+00
2.476075563829462478e+00
2.436074343089083438e+00
2.378072573015534097e+00
2.346071596423230599e+00
2.370072328867458111e+00
2.426074037903989122e+00
2.472075441755424485e+00
2.486075869014557682e+00
2.460075075533310951e+00
2.406073427533799602e+00
2.356071901608325359e+00
2.356071901608325359e+00
2.402073305459761610e+00
2.456074953459272958e+00
2.486075869014557682e+00
2.476075563829462478e+00
2.432074221015045445e+00
2.374072450941496104e+00
2.350071718497268591e+00
2.378072573015534097e+00
2.436074343089083438e+00
2.436074343089083438e+00
2.478075624866481697e+00
2.486075869014557682e+00
2.456074953459272958e+00
2.398073183385723617e+00
2.354071840571306584e+00
2.360072023682363351e+00
2.410073549607837151e+00
2.464075197607348944e+00
2.488075930051576456e+00
2.474075502792443704e+00
2.426074037903989122e+00
2.368072267830438893e+00
2.350071718497268591e+00
2.386072817163609638e+00
2.442074526200140649e+00
2.482075746940519689e+00
2.484075807977538464e+00
2.450074770348216191e+00
2.390072939237647631e+00
